image: /home/mereldas/maps/half_square-0\.01-1643568558.pgm
resolution: 0.050000
origin: [-21.200000, -21.200000, 0.000000]
negate: 0
occupied_thresh: 0.65
free_thresh: 0.196

