image: /home/mereldas/maps/base_square-SLIP-0\.05-1643470529.pgm
resolution: 0.050000
origin: [-21.200000, -21.200000, 0.000000]
negate: 0
occupied_thresh: 0.65
free_thresh: 0.196

