image: /home/mereldas/maps/blocks-SLIP-0\.3-1643320098.pgm
resolution: 0.050000
origin: [-21.200000, -10.000000, 0.000000]
negate: 0
occupied_thresh: 0.65
free_thresh: 0.196

