image: /home/mereldas/maps/cubicles-SLIP-0\.3-1643395059.pgm
resolution: 0.050000
origin: [-32.400000, -10.000000, 0.000000]
negate: 0
occupied_thresh: 0.65
free_thresh: 0.196

