image: /home/mereldas/maps/half_square-SLIP-0\.05-1643280321.pgm
resolution: 0.050000
origin: [-10.000000, -22.800000, 0.000000]
negate: 0
occupied_thresh: 0.65
free_thresh: 0.196

