image: /home/mereldas/maps/long_hallway-SLIP-0\.05-1643424504.pgm
resolution: 0.050000
origin: [-10.000000, -21.200000, 0.000000]
negate: 0
occupied_thresh: 0.65
free_thresh: 0.196

