image: /home/mereldas/maps/meeting_room-SLIP-0\.08-1643328346.pgm
resolution: 0.050000
origin: [-21.200000, -21.200000, 0.000000]
negate: 0
occupied_thresh: 0.65
free_thresh: 0.196

