image: /home/mereldas/maps/quarter_maze-SLIP-0\.8-1643289728.pgm
resolution: 0.050000
origin: [-10.000000, -10.000000, 0.000000]
negate: 0
occupied_thresh: 0.65
free_thresh: 0.196

