image: /home/mereldas/maps/simple_offices-SLIP-0\.8-1643426336.pgm
resolution: 0.050000
origin: [-21.200000, -21.200000, 0.000000]
negate: 0
occupied_thresh: 0.65
free_thresh: 0.196

